{
  "locations": [
    "Crusader",
    "Orison",
    "Port Olisar",
    "CRU-L1 Ambitious Dream Station",
    "Grim HEX",
    "Cellin",
    "Galette Family Farms",
    "Hickes Research Outpost",
    "Terra Mills Hydro Farm",
    "Tram & Meyers Mining",
    "Daymar",
    "ArcCorp Mining Area 141",
    "Bountiful Harvest Hydroponics",
    "Kudre Ore",
    "Shubin Mining Facility SCD-1",
    "Brio's Breaker Yard",
    "Nuen Waste Management",
    "Yela",
    "ArcCorp Mining Area 157",
    "Benson Mining Outpost",
    "Deakins Research Outpost",
    "Jumptown",
    "NT-999 XX",
    "Kosso Basin",
    "Hurston",
    "Lorville",
    "Everus Harbor",
    "HUR-L1 Green Glade Station",
    "HUR-L2 Stormbreaker Station",
    "Teasa Spaceport",
    "Aberdeen",
    "HDMS Anderson",
    "HDMS Norgaard",
    "Klescher Rehabilitation Facility",
    "Arial",
    "HDMS Bezdek",
    "HDMS Lathan",
    "Ita",
    "HDMS Ryder",
    "HDMS Woodruff",
    "Magda",
    "HDMS Hahn",
    "HDMS Perlman",
    "ArcCorp",
    "Area18",
    "Baijini Point",
    "ARC-L1 Conn Station",
    "Riker Memorial Spaceport",
    "Lyria",
    "Loveridge Mineral Reserve",
    "Humboldt Mines",
    "Shubin Mining Facility SAL-2",
    "The Orphanage",
    "Paradise Cove",
    "Dulli Research Facility",
    "Wala",
    "ArcCorp Mining Area 045",
    "ArcCorp Mining Area 048",
    "ArcCorp Mining Area 056",
    "ArcCorp Mining Area 061",
    "Samson & Son's Salvage Center",
    "microTech",
    "New Babbage",
    "Port Tressler",
    "MIC-L1 Shallow Frontier Station",
    "Aspire Grand",
    "Calliope",
    "Rayari Deltana Research Outpost",
    "Shubin Mining Facility SMO-18",
    "Nuiqsut Research Facility",
    "Clio",
    "Shubin Mining Facility SMO-13",
    "Rayari Anvik Research Outpost",
    "Druglab Paradise Cove",
    "Euterpe",
    "Shubin Mining Facility SMO-22",
    "Bud's Growery",
    "CRU-L2 Shallow Fields Station",
    "CRU-L3 Wide Forest Station",
    "CRU-L4 Shallow Fields Station",
    "CRU-L5 Beautiful Glen Station",
    "HUR-L3 Red Festival Station",
    "HUR-L4 Melodic Retreat Station",
    "HUR-L5 Faithful Retreat Station",
    "ARC-L2 Wide Forest Station",
    "ARC-L3 Shallow Fields Station",
    "ARC-L4 Stone Henge Station",
    "ARC-L5 Bountiful Harvest Station",
    "MIC-L2 Torchbearer Station",
    "MIC-L3 Harmonious Haven Station",
    "MIC-L4 Outpost Station",
    "MIC-L5 Steel Hollow Station"
  ],
  "distances": [
    [
      0,
      7071.067811865475,
      113137.0849898476,
      5000000.0,
      269258.2403567252,
      300000.0,
      310402.96390337514,
      305695.92735265545,
      295123.702877285,
      315234.8331006585,
      500000.0,
      505123.7472144821,
      510025.48955910036,
      490034.69264940824,
      495080.80148597964,
      507150.86512792227,
      486054.5236905012,
      447213.5954999579,
      449509.7329313349,
      445032.58307679003,
      460678.8469204984,
      433821.3918192601,
      438553.3034877288,
      455607.2870356663,
      16632892.535455942,
      16621951.74508776,
      16633084.811484188,
      12093386.622447824,
      20068140.352753192,
      16620857.886945127,
      16842025.706429318,
      16846479.975235954,
      16837574.23847111,
      16853014.51301891,
      16424140.717128126,
      16428646.930165187,
      16419636.708405761,
      16713835.511217227,
      16718383.748318078,
      16709290.045840546,
      16554574.31334391,
      16558984.641457519,
      16550166.2238186,
      18562285.187474765,
      18553822.843854714,
      18572068.000014026,
      12093386.622447824,
      18554956.57346427,
      18774653.817877576,
      18778868.326157063,
      18770441.9327608,
      18786013.765595537,
      18763298.42434813,
      18771247.561500672,
      18788942.807171058,
      18350183.56260081,
      18354440.618312098,
      18345928.5987694,
      18361479.924046017,
      18338892.511848826,
      18350183.589848496,
      44349793.04944477,
      44353159.704451494,
      44409714.44502407,
      34985711.369071804,
      44353496.63490558,
      44624566.79821755,
      44622895.841805026,
      44626239.19342274,
      44622599.787333995,
      44075121.38529604,
      44073429.4162433,
      44076814.70737853,
      44071738.35791572,
      44316363.4691361,
      44314703.45730162,
      44319687.35639479,
      5000000.0,
      5000000.0,
      5000000.0,
      4999999.9836129,
      17781250.14947557,
      14142135.62373095,
      21213203.435596425,
      24146116.773050714,
      18702231.84979119,
      12500000.0,
      22561028.345356956,
      47137277.301113985,
      39407882.86836105,
      43863424.398922615,
      48548944.375753425
    ],
    [
      7071.067811865475,
      0,
      106066.01717798212,
      5000004.9999975,
      268421.310629391,
      300083.32176247315,
      310161.24838541646,
      305532.3223490438,
      295293.0747579428,
      315155.517165732,
      495025.251881154,
      500099.9900019995,
      505040.59242797503,
      485091.74390005856,
      490066.32204223133,
      502147.388721678,
      481101.86031650304,
      449499.7219131509,
      451695.6940241959,
      447408.0911203998,
      462952.4813628284,
      436074.53491347097,
      440975.0559838958,
      457753.2086179189,
      16633390.74229984,
      16622445.767877422,
      16633549.94690027,
      12094008.847359093,
      20068553.278893847,
      16621351.611346954,
      16842547.41379777,
      16846998.57677996,
      16838096.6776541,
      16853539.736981843,
      16424614.81393174,
      16429118.462231198,
      16420113.066785686,
      16714271.476376887,
      16718816.604234464,
      16709728.52340893,
      16555135.281417243,
      16559543.044601986,
      16550729.456009666,
      18561572.074884847,
      18553104.01607087,
      18571331.03218897,
      12092768.500223594,
      18554237.25064291,
      18773922.139263947,
      18778136.811759174,
      18769709.55718668,
      18785279.335456926,
      18762570.300231922,
      18770514.95098483,
      18788211.951144926,
      18349489.455871653,
      18353747.217425246,
      18345233.513399195,
      18360782.15956894,
      18338202.067573175,
      18349489.210633222,
      44345518.307813026,
      44348883.59619191,
      44405429.70796004,
      34981424.356363766,
      44349220.39002016,
      44620295.96930729,
      44618624.85295328,
      44621968.30047482,
      44618329.33045095,
      44070842.6920632,
      44069150.78565254,
      44072536.06508911,
      44067460.697759524,
      44312096.78618898,
      44310436.614510804,
      44315420.20367831,
      5000004.9999975,
      5005002.497501874,
      5000004.9999975,
      4995672.984306418,
      17779423.693647243,
      14145672.483130662,
      21212497.49558029,
      24145568.573297273,
      18703168.880255133,
      12498601.921815095,
      22559921.32078479,
      47133255.37051431,
      39403823.19225463,
      43858865.12439646,
      48544722.16420648
    ],
    [
      113137.0849898476,
      106066.01717798212,
      0,
      5001279.8362019295,
      278028.7754891569,
      320624.3908376279,
      325499.6159751959,
      322257.66088644037,
      317329.4817693433,
      332525.1870159612,
      427551.166528639,
      431682.75388298754,
      437225.3423579196,
      418346.7461329178,
      421977.48755117255,
      434052.9921564877,
      414257.1665040932,
      494772.67507411924,
      495559.2800059343,
      493937.2429772835,
      507764.7092896473,
      481207.85529747955,
      488271.44090147235,
      500937.1218027269,
      16641222.609412627,
      16630215.14160373,
      16640885.979599344,
      12103834.103291404,
      20075045.03252237,
      16629116.535102699,
      16850727.157485697,
      16855131.663562465,
      16846287.486447155,
      16861771.971415874,
      16432089.767769223,
      16436554.863961792,
      16427622.027427645,
      16721168.420180032,
      16725666.832626615,
      16716663.233912025,
      16563909.759957822,
      16568278.975078432,
      16559537.97290329,
      18551195.528621465,
      18542641.836619318,
      18560596.271594968,
      12083989.407476325,
      18543767.62157963,
      18763263.31268484,
      18767480.378866658,
      18759040.340890177,
      18774579.019545153,
      18751965.014929634,
      18759842.19483589,
      18777565.230112903,
      18339401.869776044,
      18343670.149976667,
      18335131.314259656,
      18350639.475537222,
      18328169.650053576,
      18339397.5348468,
      44281483.16044281,
      44284827.91124495,
      44341244.281690836,
      34917227.83956367,
      44285162.65186998,
      44556319.07247927,
      44554645.5565363,
      44557990.43840038,
      44554358.02635451,
      44006748.71526616,
      44005057.75326946,
      44008442.850305215,
      44003382.24782931,
      44248182.77046618,
      44246520.200673185,
      44251499.12408143,
      5001279.8362019295,
      5080629.882209488,
      5001279.8362019295,
      4931529.125548079,
      17752342.29272929,
      14199042.221220415,
      21202188.566277776,
      24137592.659124088,
      18717539.26570862,
      12478092.802988764,
      22543575.581526548,
      47073012.63698889,
      39343030.28703386,
      43790556.05949758,
      48481468.624619864
    ],
    [
      5000000.0,
      5000004.9999975,
      5001279.8362019295,
      0,
      5203124.061561477,
      4700000.0,
      4690026.652376295,
      4695045.260697707,
      4705007.757698174,
      4685015.795064089,
      5024937.810560445,
      5015491.002882968,
      5030917.01382561,
      5018977.385882507,
      5032405.488431948,
      5013701.427089571,
      5030531.681641613,
      5403702.434442518,
      5408517.264463524,
      5398893.775580327,
      5414076.560227053,
      5393347.847116854,
      5389093.52303335,
      5418263.374920049,
      21613867.40257342,
      21603134.721980188,
      21615171.994366042,
      17066048.165876012,
      25054545.639819555,
      21602061.635363095,
      21821090.25452271,
      21825673.81676969,
      21816508.800356347,
      21831863.140282508,
      21406974.291011468,
      21411599.425452225,
      21402350.79695747,
      21699272.97160036,
      21703928.334659282,
      21694619.69788883,
      21530445.43654464,
      21534997.616810318,
      21525894.918354172,
      13632325.971056627,
      13624471.443734799,
      13644177.871793706,
      7158910.531638176,
      13625648.36780786,
      13848086.726372888,
      13851995.365691723,
      13844181.823103342,
      13859877.099063504,
      13836301.809412261,
      13844551.81705587,
      13862404.257961351,
      13416822.156574372,
      13420781.289147997,
      13412866.067740519,
      13428545.155792007,
      13405105.690040082,
      13416822.193841022,
      41975090.5124525,
      41979838.68202187,
      42038396.937663786,
      32695565.44854363,
      41980313.76422263,
      42241638.72210192,
      42239281.63816923,
      42243997.26054081,
      42238258.62628075,
      41708756.93578724,
      41706369.543615036,
      41711145.689714395,
      41703983.045850426,
      41927844.58004704,
      41925493.70619957,
      41932550.21303355,
      10000000.0,
      7071067.811865475,
      0.0,
      8660254.02838329,
      22509531.467319015,
      18027756.377319947,
      26172504.6566048,
      19184237.15496139,
      13822277.531700194,
      7826237.921249264,
      17720045.14666935,
      44350004.63767863,
      36714919.47650797,
      42059481.68962618,
      46065171.22512408
    ],
    [
      269258.2403567252,
      268421.310629391,
      278028.7754891569,
      5203124.061561477,
      0,
      531507.2906367325,
      542540.3210822215,
      541710.2546564908,
      524497.8550957096,
      548518.9148971984,
      650000.0,
      656620.1337150728,
      657515.0188398741,
      643066.0930262145,
      642031.9306701187,
      659546.8141079904,
      635412.4644669791,
      269258.2403567252,
      269553.33424018335,
      268614.9660759802,
      277893.86463180505,
      258845.51377221124,
      261206.81461248288,
      278169.0133713675,
      16424825.670186762,
      16413883.27045206,
      16424715.965459676,
      11883707.333993042,
      19861326.426444963,
      16412792.909740439,
      16633568.89233414,
      16638003.839283906,
      16629064.629017051,
      16644542.119746821,
      16216478.73294403,
      16220984.068669384,
      16211966.377834182,
      16506788.957759956,
      16511318.522638524,
      16502244.030313756,
      16345510.542532038,
      16349919.160534892,
      16341095.013371227,
      18775253.020429444,
      18766753.49444184,
      18784781.191090435,
      12305385.000072123,
      18767882.353721876,
      18987872.987281777,
      18992027.01691278,
      18983705.77498358,
      18999247.558815192,
      18976526.614771865,
      18984410.17295889,
      19002196.3575568,
      18562891.245200597,
      18567102.2243953,
      18558674.27245667,
      18574179.37894283,
      18551608.37127458,
      18562883.191496547,
      44539426.030524686,
      44542739.064505,
      44599014.16722773,
      35174884.50585161,
      44543070.63217106,
      44814375.92479204,
      44812706.46712358,
      44816040.12123985,
      44812432.866120756,
      44264575.59639062,
      44262891.99892592,
      44266263.93031809,
      44261236.42069413,
      44506363.57565714,
      44504705.033384725,
      44509660.91725009,
      4803384.223648989,
      4906373.406091305,
      5203124.061561477,
      4993848.739812711,
      17633068.67446007,
      13930990.632399406,
      21030275.794672783,
      24356476.038577523,
      18881067.262295954,
      12720947.291770374,
      22778773.013487797,
      47336871.48684539,
      39606231.44110613,
      44037171.79837961,
      48740870.94010529
    ],
    [
      300000.0,
      300083.32176247315,
      320624.3908376279,
      4700000.0,
      531507.2906367325,
      0,
      18708.286933869706,
      21213.203435596424,
      9899.494936611665,
      19313.207915827967,
      583095.18948453,
      582365.8643842374,
      594244.0576059638,
      571956.2920363758,
      583013.7219654439,
      583096.9044678594,
      574846.9361490936,
      728010.9889280518,
      731477.2723742003,
      724606.0998915203,
      740422.1768693858,
      715682.1920377788,
      716469.8179267568,
      739309.1369650452,
      16931434.76188672,
      16920509.709108233,
      16931712.2390509,
      12391125.85683803,
      20367136.696595352,
      16919417.421945296,
      17140425.866822153,
      17144890.10043593,
      17135964.380099125,
      17151398.40292989,
      16722821.750411203,
      16727337.174697772,
      16718308.486088717,
      17012720.725857638,
      17017277.22510349,
      17008166.945206825,
      16852723.806436334,
      16857145.112860184,
      16848304.693233263,
      18265413.879273172,
      18256978.25274339,
      18275289.94563821,
      11795761.9508025,
      18258113.98373734,
      18477947.36384821,
      18482148.371094335,
      18473749.028043684,
      18489327.35393976,
      18466571.976442866,
      18474535.11770039,
      18492238.496492118,
      18053147.91334589,
      18057391.927162267,
      18048906.031977255,
      18064463.950008176,
      18041837.250156786,
      18053147.94104189,
      44194958.85650964,
      44198405.181279786,
      44255089.89809624,
      34832312.58472512,
      44198750.078962415,
      44469340.075253874,
      44467629.55351432,
      44471052.03779848,
      44467291.98613943,
      43920684.98929155,
      43918952.91680552,
      43922418.41643718,
      43917221.755122215,
      44160732.737677485,
      44159032.90730652,
      44164136.266529426,
      5300000.0,
      5008991.914547278,
      4700000.0,
      5156549.217851896,
      18060820.188414063,
      14355835.050598763,
      21510230.124292023,
      23847954.94833469,
      18407617.68842845,
      12212288.892750613,
      22268587.74148015,
      46959694.54076672,
      39233550.399708465,
      43741170.53760678,
      48388945.0184647
    ],
    [
      310402.96390337514,
      310161.24838541646,
      325499.6159751959,
      4690026.652376295,
      542540.3210822215,
      18708.286933869706,
      0,
      12247.44871391589,
      27531.799795872408,
      9110.433579144299,
      575630.0895540469,
      574543.296888929,
      586741.8512429466,
      564547.606495679,
      575782.0768311566,
      575214.742509265,
      567784.2900257104,
      741855.7811326943,
      745203.9989157332,
      738562.1165480937,
      754337.4576408095,
      729425.1161017147,
      730519.6780374913,
      752926.2912131572,
      16942857.370173015,
      16931923.44614238,
      16943075.63921102,
      12402876.682447504,
      20378326.17483097,
      16930830.389204957,
      17151913.35291856,
      17156371.683022782,
      17147455.43822832,
      17162893.98516538,
      16734177.603516284,
      16738687.574777959,
      16729669.49482344,
      17023971.313005257,
      17028521.86556502,
      17019422.892860558,
      16864318.322008334,
      16868734.218252003,
      16859904.323750652,
      18253347.294979762,
      18244900.608420562,
      18263181.15463856,
      11783944.585748866,
      18246035.44699903,
      18465830.121365923,
      18470033.88467777,
      18461628.488330737,
      18477203.50299647,
      18454462.166401517,
      18462418.073078755,
      18480121.69605885,
      18041133.358831562,
      18045380.752456985,
      18036887.820273902,
      18052441.69333182,
      18029830.411047824,
      18041133.109401554,
      44176952.67748309,
      44180398.70925318,
      44237076.54703891,
      34814312.4303784,
      44180743.577746406,
      44451332.55897488,
      44449621.34426547,
      44453044.99006317,
      44449283.752616085,
      43902680.20825813,
      43900947.65319514,
      43904414.23238192,
      43899216.92044836,
      44142723.92443153,
      44141023.400557674,
      44146128.04888533,
      5310023.540437462,
      5024574.608859939,
      4690026.652376295,
      5149412.202002185,
      18064760.949933022,
      14373459.917500727,
      21518047.076814383,
      23836353.21830504,
      18400660.388239983,
      12198415.880760912,
      22255479.10066193,
      46941683.637702174,
      39215530.53480807,
      43723407.34663757,
      48370924.63453639
    ],
    [
      305695.92735265545,
      305532.3223490438,
      322257.66088644037,
      4695045.260697707,
      541710.2546564908,
      21213.203435596424,
      12247.44871391589,
      0,
      30789.608636681303,
      13152.946437965906,
      568726.6478722445,
      567758.7515838043,
      579858.6034543249,
      557587.6612695084,
      568924.423803373,
      568403.0260299465,
      560811.0198631978,
      738545.8685823109,
      741882.0660994576,
      735278.1786507743,
      751149.1196826367,
      726044.7644601536,
      727357.5461903176,
      749445.1280781002,
      16938374.573908385,
      16927440.708093647,
      16938612.08765423,
      12398526.122084027,
      20373752.751464345,
      16926347.42075283,
      17147456.05056406,
      17151915.53926342,
      17143001.643411983,
      17158437.786874015,
      16729668.777534898,
      16734178.768796096,
      16725161.247235436,
      17019421.74711074,
      17023973.515781384,
      17014873.28621715,
      16859903.612002827,
      16864319.478295766,
      16855490.23748719,
      18257573.28072778,
      18249128.550184116,
      18267422.38295116,
      11788275.955371931,
      18250263.67379784,
      18470034.56144966,
      18474242.780994978,
      18465829.5527481,
      18481406.43785383,
      18458666.487077147,
      18466626.53911496,
      18484323.696882855,
      18045381.334323335,
      18049632.160549562,
      18041132.915400434,
      18056689.777507532,
      18034078.276450533,
      18045381.63911046,
      44175231.11709298,
      44178676.15138077,
      44235365.23878355,
      34812547.30696965,
      44179020.92014466,
      44449621.62548271,
      44447912.594728,
      44451332.32276148,
      44447575.89003679,
      43900947.89236993,
      43899217.09129424,
      43902679.934926294,
      43897486.290317126,
      44141023.68374096,
      44139325.359916635,
      44144424.99442688,
      5305040.056399197,
      5029259.388816608,
      4695045.260697707,
      5142494.0210105255,
      18058299.5331295,
      14373359.036773555,
      21512402.23684933,
      23840769.938443705,
      18406523.866372596,
      12201780.607763771,
      22259232.915803727,
      46940596.11042574,
      39214345.98519353,
      43720858.294411376,
      48369344.11380828
    ],
    [
      295123.702877285,
      295293.0747579428,
      317329.4817693433,
      4705007.757698174,
      524497.8550957096,
      9899.494936611665,
      27531.799795872408,
      30789.608636681303,
      0,
      28722.813232690143,
      587450.4234401402,
      586854.3260469331,
      598605.0450839852,
      576315.885604414,
      587212.9085774596,
      587634.2399826613,
      579020.7250176802,
      721039.5273492293,
      724547.4449613359,
      717589.0188680426,
      733370.9838819641,
      708777.1158834066,
      709369.4383041885,
      732486.1773439824,
      16925679.819789395,
      16914757.84875521,
      16925968.91206013,
      12385196.728352763,
      20361505.780118547,
      16913665.941008355,
      17134636.067393612,
      17139101.809080485,
      17130171.671703294,
      17145605.25155137,
      16717102.666491762,
      16721619.993948732,
      16712587.31920423,
      17007057.96903233,
      17011615.985026997,
      17002502.31883607,
      16846876.682697777,
      16851299.879297916,
      16842455.50096618,
      18271524.235409178,
      18263091.431221195,
      18281407.393883683,
      11801741.312196264,
      18264227.32959555,
      18484084.843052007,
      18488282.833057944,
      18479889.20029406,
      18495467.761188008,
      18472707.009670917,
      18480670.645816535,
      18498376.964348655,
      18059230.417854052,
      18063471.67393757,
      18054991.128636565,
      18070549.009511165,
      18047917.194655593,
      18059230.27942069,
      44204391.201696016,
      44207837.130452104,
      44264517.3369436,
      34841743.613085724,
      44208181.98848014,
      44478772.6889196,
      44477061.85543937,
      44480484.827984735,
      44476724.382137,
      43930117.03959574,
      43928384.79266658,
      43931850.70916749,
      43926654.002696134,
      44170165.5997867,
      44168465.453223296,
      44173569.28472704,
      5295006.893291075,
      5000709.749625547,
      4705007.757698174,
      5160560.034349857,
      18059037.00999101,
      14346675.503404962,
      21506396.67633795,
      23853815.015669946,
      18411007.715042215,
      12219373.879213288,
      22275257.5293755,
      46969103.97938325,
      39242968.42603097,
      43750509.68845963,
      48398379.08442803
    ],
    [
      315234.8331006585,
      315155.517165732,
      332525.1870159612,
      4685015.795064089,
      548518.9148971984,
      19313.207915827967,
      9110.433579144299,
      13152.946437965906,
      28722.813232690143,
      0,
      580838.1874498266,
      579761.1577192801,
      591956.924108503,
      569723.6172039913,
      581080.028911681,
      580395.5547727774,
      573027.0499723377,
      745770.0718049767,
      749182.2208248137,
      742421.0395725595,
      758259.8499195378,
      733368.938529578,
      734370.4787094862,
      756902.2393942298,
      16947537.606449675,
      16936607.58953888,
      16947790.923068,
      12407472.4662197,
      20383063.719514813,
      16935514.758165043,
      17156577.360360254,
      17161038.849149723,
      17152119.550132163,
      17167554.951187022,
      16738874.368428303,
      16743386.717806706,
      16734364.298115002,
      17028693.852495734,
      17033247.54654925,
      17024143.11094764,
      16868955.1401984,
      16873373.438113257,
      16864539.15356201,
      18248833.01598064,
      18240392.46247583,
      18258693.952776168,
      11779362.16439583,
      18241527.855614096,
      18461329.88289698,
      18465534.399933975,
      18457128.25482732,
      18472705.71045685,
      18449958.342097823,
      18457919.603225738,
      18475620.121531647,
      18036604.775986664,
      18040852.182620004,
      18032359.613071855,
      18047916.77909517,
      18025298.156345293,
      18036604.91459368,
      44176958.8662753,
      44180407.50052652,
      44237098.5512452,
      34814355.84640336,
      44180752.62924547,
      44451329.71096118,
      44449618.38365522,
      44453042.569576494,
      44449279.68960329,
      43902695.546772294,
      43900962.559522316,
      43904429.843611225,
      43899230.118905045,
      44142711.99498939,
      44141011.3573826,
      44146117.45683396,
      5315013.922841595,
      5021889.385480329,
      4685015.795064089,
      5154653.2170582535,
      18070504.069566652,
      14374956.452107951,
      21523414.529298086,
      23831715.671386335,
      18395178.922841277,
      12194481.25177943,
      22251278.008240335,
      46941156.83987897,
      39215084.62577206,
      43724128.041620225,
      48370811.16747992
    ],
    [
      500000.0,
      495025.251881154,
      427551.166528639,
      5024937.810560445,
      650000.0,
      583095.18948453,
      575630.0895540469,
      568726.6478722445,
      587450.4234401402,
      580838.1874498266,
      0,
      12247.44871391589,
      11224.972160321824,
      11575.836902790226,
      10246.950765959598,
      14212.670403551896,
      15779.7338380595,
      806225.774829855,
      804399.7762306998,
      808117.5657043967,
      819893.2857390649,
      792591.3196597601,
      807668.8677917455,
      803478.686711726,
      16689980.919582443,
      16678777.797429463,
      16688674.583262326,
      12165525.06059644,
      20115481.754554152,
      16677657.686198803,
      16901366.1843067,
      16905656.93949886,
      16897078.304725524,
      16912612.07430792,
      16478918.268382363,
      16483257.838061808,
      16474580.985142717,
      16764684.503325017,
      16769069.865559807,
      16760301.991194133,
      16617950.526344275,
      16622193.638507104,
      16613709.731304023,
      18497461.51181683,
      18488699.065135572,
      18506197.90224737,
      12041594.578792296,
      18489809.74599644,
      18707893.440501124,
      18712256.587893,
      18703532.857488316,
      18719026.796314627,
      18696764.927685887,
      18704555.22099216,
      18722153.26321054,
      18287342.283151615,
      18291750.638228834,
      18282935.955451604,
      18298404.19274711,
      18276285.98925791,
      18287342.310492933,
      43923048.49994568,
      43926334.03516141,
      43982755.51950537,
      34557922.39125495,
      43926662.85688659,
      44198212.723237805,
      44196582.21297864,
      44199844.68919071,
      44196328.55544202,
      43647982.440527305,
      43646331.191849105,
      43649635.05859562,
      43644680.86592661,
      43890433.09342686,
      43888813.93371869,
      43893675.32308704,
      5024937.810560445,
      5500000.0,
      5024937.810560445,
      4573824.749170982,
      17604626.007905565,
      14500000.0,
      21148285.9825566,
      24096319.350012794,
      18802219.97965517,
      12369316.876852982,
      22455511.57288562,
      46735992.09776247,
      39002964.40229209,
      43407948.58087629,
      48127435.003332555
    ],
    [
      505123.7472144821,
      500099.9900019995,
      431682.75388298754,
      5015491.002882968,
      656620.1337150728,
      582365.8643842374,
      574543.296888929,
      567758.7515838043,
      586854.3260469331,
      579761.1577192801,
      12247.44871391589,
      0,
      16309.50643030009,
      17720.045146669352,
      20615.528128088303,
      3464.1016151377544,
      26438.60813280457,
      815567.2872301831,
      813774.5388005206,
      817419.1091478104,
      829231.5719990405,
      801910.8429245735,
      816859.2289984854,
      812980.9345857995,
      16700543.370981257,
      16689336.853393126,
      16699207.91942019,
      12176212.46529478,
      20125960.34249797,
      16688216.522086056,
      16911944.438355573,
      16916232.510403313,
      16907656.875688776,
      16923193.048772622,
      16489464.305611204,
      16493801.706884498,
      16485128.887152385,
      16775199.917915314,
      16779582.531935234,
      16770819.557374828,
      16628558.73147237,
      16632799.738649715,
      16624319.740248803,
      18486948.71121638,
      18478181.27931277,
      18495663.57466379,
      12031215.64930161,
      18479291.51004294,
      18697365.24890994,
      18701728.17899846,
      18693004.349786714,
      18708496.317746785,
      18686239.83125404,
      18694025.951761834,
      18711625.880215354,
      18276845.407540794,
      18281254.105808634,
      18272438.46401309,
      18287904.097275473,
      18265792.34063349,
      18276845.161327623,
      43913553.12598355,
      43916839.940831125,
      43973257.1196242,
      34548446.41948462,
      43917168.89056693,
      44188708.586567454,
      44187076.59405157,
      44190341.80868688,
      44186822.08985593,
      43638495.96111878,
      43636843.43680899,
      43640149.96959314,
      43635192.752050266,
      43880919.26736016,
      43879298.61709938,
      43884163.68108865,
      5035389.756513393,
      5505011.35330346,
      5015491.002882968,
      4575119.8417231655,
      17612325.77424756,
      14510518.598589094,
      21157626.284628436,
      24085913.574697576,
      18793514.57081256,
      12358404.023173867,
      22444713.18595985,
      46725998.20038215,
      38993030.02238303,
      43399252.87375348,
      48117825.69900681
    ],
    [
      510025.48955910036,
      505040.59242797503,
      437225.3423579196,
      5030917.01382561,
      657515.0188398741,
      594244.0576059638,
      586741.8512429466,
      579858.6034543249,
      598605.0450839852,
      591956.924108503,
      11224.972160321824,
      16309.50643030009,
      0,
      22715.633383201093,
      15588.457268119895,
      17378.147196982765,
      24269.322199023194,
      812481.384402129,
      810573.2539382237,
      814453.1907973594,
      826099.8728967339,
      798892.3582060352,
      814125.9116377515,
      809518.3753319007,
      16686315.648639336,
      16675106.765655985,
      16684973.963900153,
      12162241.816375796,
      20111583.20962825,
      16673986.101950128,
      16897746.76476204,
      16902033.705623295,
      16893462.228507984,
      16908998.196404953,
      16475206.041990066,
      16479541.85607191,
      16470872.456127696,
      16760886.412300097,
      16765267.996248256,
      16756507.561721386,
      16614419.837178366,
      16618659.157285403,
      16610182.776418386,
      18501266.97070082,
      18492497.67503419,
      18509978.334324032,
      12045751.367183369,
      18493607.80332342,
      18711656.10311244,
      18716022.113449883,
      18707292.548392594,
      18722784.444124356,
      18700532.770516057,
      18708319.036063742,
      18725915.410231486,
      18291191.457123425,
      18295602.820108034,
      18286782.064954594,
      18302248.035177127,
      18280140.500038423,
      18291191.429787863,
      43917148.27227037,
      43920430.71975251,
      43976845.79331014,
      34551991.63579431,
      43920759.23276577,
      44192326.60506324,
      44190697.46166697,
      44193957.15919293,
      44190445.37703349,
      43642067.93872834,
      43640418.11610631,
      43643719.153946765,
      43638769.39979609,
      43884562.66124319,
      43882944.88008502,
      43887801.975134045,
      5020968.631648678,
      5510002.359346137,
      5030917.01382561,
      4562718.082034984,
      17596518.880966913,
      14503796.951143518,
      21142140.99848925,
      24100408.403962806,
      18809234.97336731,
      12371747.087618629,
      22458408.803831138,
      46730982.059893794,
      38997837.81296681,
      43400923.10078208,
      48121721.97667079
    ],
    [
      490034.69264940824,
      485091.74390005856,
      418346.7461329178,
      5018977.385882507,
      643066.0930262145,
      571956.2920363758,
      564547.606495679,
      557587.6612695084,
      576315.885604414,
      569723.6172039913,
      11575.836902790226,
      17720.045146669352,
      22715.633383201093,
      0,
      15588.457268119895,
      19339.079605813717,
      12688.57754044952,
      800083.7456166698,
      798348.9212117719,
      801889.0197527336,
      813811.4032132998,
      786402.5686631497,
      801327.024378936,
      797548.7445918274,
      16693653.173168119,
      16682456.413431026,
      16692389.359106923,
      12168818.102017961,
      20119386.005487368,
      16681336.866930839,
      16904992.518958002,
      16909287.676482,
      16900701.654251695,
      16916232.510403313,
      16482637.545794241,
      16486981.231445191,
      16478296.325956333,
      16768489.486713644,
      16772879.219920056,
      16764102.95858463,
      16621488.286733713,
      16625735.548420887,
      16617243.520091591,
      18493662.299316082,
      18484907.78936008,
      18502429.1285535,
      12037447.154608821,
      18486019.130768664,
      18704136.971299827,
      18708497.787667107,
      18699779.041773327,
      18715275.55397315,
      18693002.744908188,
      18700798.241656557,
      18718396.87770149,
      18283499.4090613,
      18287905.081532575,
      18279095.92980859,
      18294567.19523982,
      18272437.232650302,
      18283499.600490738,
      43928950.89446799,
      43932239.74404879,
      43988670.58969366,
      34563855.89022151,
      43932568.897147134,
      44204100.99853384,
      44202469.3480871,
      44205734.24012523,
      44202214.07283328,
      43653899.11896279,
      43652246.58214718,
      43655552.95616561,
      43650594.41804407,
      43896305.702058576,
      43894685.392067455,
      43899550.70987151,
      5028929.707204108,
      5490003.0965382885,
      5018977.385882507,
      4584932.864953314,
      17612736.78416347,
      14496211.02219473,
      21154435.326900125,
      24092234.997978102,
      18795209.284372017,
      12366896.700466128,
      22452619.758059416,
      46741004.37990305,
      39008093.65050366,
      43414975.918454684,
      48133150.052744314
    ],
    [
      495080.80148597964,
      490066.32204223133,
      421977.48755117255,
      5032405.488431948,
      642031.9306701187,
      583013.7219654439,
      575782.0768311566,
      568924.423803373,
      587212.9085774596,
      581080.028911681,
      10246.950765959598,
      20615.528128088303,
      15588.457268119895,
      15588.457268119895,
      0,
      23345.235059857503,
      10862.780491200216,
      797937.967513766,
      796059.0430363818,
      799878.1157151381,
      811560.2257380533,
      784330.2875702302,
      799473.5767991334,
      795101.8802644099,
      16681403.860767415,
      16670201.573047219,
      16680095.054166388,
      12156813.11035092,
      20106993.50295317,
      16669081.641411023,
      16892772.139765162,
      16897063.005919874,
      16888482.255846024,
      16904016.766615737,
      16470358.798946245,
      16474698.984382872,
      16466020.65788896,
      16756157.619395504,
      16760543.124434423,
      16751774.488275144,
      16609324.229661664,
      16613567.91980657,
      16605082.616657648,
      18505989.83743223,
      18497227.646410827,
      18514723.932026234,
      12049983.60994736,
      18498338.30172713,
      18716438.081620794,
      18720798.970480535,
      18712079.329490483,
      18727572.872188885,
      18705308.77166012,
      18713098.019759983,
      18730699.03375592,
      18295853.772457436,
      18300260.241131682,
      18291449.112444453,
      18306916.5476643,
      18284796.609291147,
      18295853.581157263,
      43931497.670129344,
      43934781.43544793,
      43991194.813287124,
      34566357.994443096,
      43935110.08014638,
      44206668.11625346,
      44205037.80476361,
      44208299.7022118,
      44204784.919650726,
      43656425.290449284,
      43654774.42984421,
      43658077.61183009,
      43653125.224897474,
      43898895.37494742,
      43897276.41346989,
      43902136.56965433,
      5016483.329983266,
      5495007.279340037,
      5032405.488431948,
      4573650.522955269,
      17598811.09729362,
      14490862.81075078,
      21140934.34548246,
      24104734.694822945,
      18808974.72366168,
      12378291.683427079,
      22464351.87135387,
      46744788.60688233,
      39011720.4265393,
      43415816.300053604,
      48135964.77686928
    ],
    [
      507150.86512792227,
      502147.388721678,
      434052.9921564877,
      5013701.427089571,
      659546.8141079904,
      583096.9044678594,
      575214.742509265,
      568403.0260299465,
      587634.2399826613,
      580395.5547727774,
      14212.670403551896,
      3464.1016151377544,
      17378.147196982765,
      19339.079605813717,
      23345.235059857503,
      0,
      28757.60768909681,
      818292.1238775307,
      816512.7065759602,
      820132.9160569035,
      831971.7543282344,
      804629.7285087098,
      819572.4495125492,
      815714.4108080965,
      16702784.580483159,
      16691577.770301584,
      16701451.1043809,
      12178513.948754175,
      20128162.884471126,
      16690457.361738952,
      16914193.10939857,
      16918481.202579208,
      16909906.471711367,
      16925442.234164104,
      16491697.81866094,
      16496034.99638704,
      16487362.744903322,
      16777419.233661238,
      16781801.863984272,
      16773039.094988897,
      16630821.667675532,
      16635062.458615117,
      16626583.01281493,
      18484729.589776125,
      18475962.187316388,
      18493446.147842348,
      12029056.571485562,
      18477072.443142746,
